Time(s)	SideSlip(rad)	YawRate(rad/s)
  0.00	   -0.000000	    0.000000
  0.01	   -0.000000	    0.000000
  0.02	   -0.000000	    0.000000
  0.03	   -0.000000	    0.000000
  0.04	   -0.000000	    0.000000
  0.05	   -0.000000	    0.000000
  0.06	   -0.000000	    0.000000
  0.07	   -0.000000	    0.000000
  0.08	   -0.000000	    0.000000
  0.09	   -0.000000	    0.000000
  0.10	   -0.000000	    0.000000
  0.11	   -0.000000	    0.000000
  0.12	   -0.000000	    0.000000
  0.13	   -0.000000	    0.000000
  0.14	   -0.000000	    0.000000
  0.15	   -0.000000	    0.000000
  0.16	   -0.000000	    0.000000
  0.17	   -0.000000	    0.000000
  0.18	   -0.000000	    0.000000
  0.19	   -0.000000	    0.000000
  0.20	   -0.000000	    0.000000
  0.21	   -0.000000	    0.000000
  0.22	   -0.000000	    0.000000
  0.23	   -0.000000	    0.000000
  0.24	   -0.000000	    0.000000
  0.25	   -0.000000	    0.000000
  0.26	   -0.000000	    0.000000
  0.27	   -0.000000	    0.000000
  0.28	   -0.000000	    0.000000
  0.29	   -0.000000	    0.000000
  0.30	   -0.000000	    0.000000
  0.31	   -0.000000	    0.000000
  0.32	   -0.000000	    0.000000
  0.33	   -0.000000	    0.000000
  0.34	   -0.000000	    0.000000
  0.35	   -0.000000	    0.000000
  0.36	   -0.000000	    0.000000
  0.37	   -0.000000	    0.000000
  0.38	   -0.000000	    0.000000
  0.39	   -0.000000	    0.000000
  0.40	   -0.000000	    0.000000
  0.41	   -0.000000	    0.000000
  0.42	   -0.000000	    0.000000
  0.43	   -0.000000	    0.000000
  0.44	   -0.000000	    0.000000
  0.45	   -0.000000	    0.000000
  0.46	   -0.000000	    0.000000
  0.47	   -0.000000	    0.000000
  0.48	   -0.000000	    0.000000
  0.49	   -0.000000	    0.000000
  0.50	   -0.000000	    0.000000
  0.51	   -0.000000	    0.000000
  0.52	   -0.000000	    0.000000
  0.53	   -0.000000	    0.000000
  0.54	   -0.000000	    0.000000
  0.55	   -0.000000	    0.000000
  0.56	   -0.000000	    0.000000
  0.57	   -0.000000	    0.000000
  0.58	   -0.000000	    0.000000
  0.59	   -0.000000	    0.000000
  0.60	   -0.000000	    0.000000
  0.61	   -0.000000	    0.000000
  0.62	   -0.000000	    0.000000
  0.63	   -0.000000	    0.000000
  0.64	   -0.000000	    0.000000
  0.65	   -0.000000	    0.000000
  0.66	   -0.000000	    0.000000
  0.67	   -0.000000	    0.000000
  0.68	   -0.000000	    0.000000
  0.69	   -0.000000	    0.000000
  0.70	   -0.000000	    0.000000
  0.71	   -0.000000	    0.000000
  0.72	   -0.000000	    0.000000
  0.73	   -0.000000	    0.000000
  0.74	   -0.000000	    0.000000
  0.75	   -0.000000	    0.000000
  0.76	   -0.000000	    0.000000
  0.77	   -0.000000	    0.000000
  0.78	   -0.000000	    0.000000
  0.79	   -0.000000	    0.000000
  0.80	   -0.000000	    0.000000
  0.81	   -0.000000	    0.000000
  0.82	   -0.000000	    0.000000
  0.83	   -0.000000	    0.000000
  0.84	   -0.000000	    0.000000
  0.85	   -0.000000	    0.000000
  0.86	   -0.000000	    0.000000
  0.87	   -0.000000	    0.000000
  0.88	   -0.000000	    0.000000
  0.89	   -0.000000	    0.000000
  0.90	   -0.000000	    0.000000
  0.91	   -0.000000	    0.000000
  0.92	   -0.000000	    0.000000
  0.93	   -0.000000	    0.000000
  0.94	   -0.000000	    0.000000
  0.95	   -0.000000	    0.000000
  0.96	   -0.000000	    0.000000
  0.97	   -0.000000	    0.000000
  0.98	   -0.000000	    0.000000
  0.99	   -0.000000	    0.000000
  1.00	   -0.000000	    0.000000
  1.01	   -0.000944	    0.002659
  1.02	   -0.001886	    0.005316
  1.03	   -0.002828	    0.007970
  1.04	   -0.003768	    0.010618
  1.05	   -0.004706	    0.013260
  1.06	   -0.005640	    0.015894
  1.07	   -0.006571	    0.018518
  1.08	   -0.007498	    0.021129
  1.09	   -0.008420	    0.023728
  1.10	   -0.009337	    0.026312
  1.11	   -0.010248	    0.028879
  1.12	   -0.011153	    0.031427
  1.13	   -0.012050	    0.033956
  1.14	   -0.012940	    0.036463
  1.15	   -0.013821	    0.038948
  1.16	   -0.014694	    0.041408
  1.17	   -0.015558	    0.043841
  1.18	   -0.016412	    0.046247
  1.19	   -0.017255	    0.048624
  1.20	   -0.018088	    0.050970
  1.21	   -0.018909	    0.053284
  1.22	   -0.019718	    0.055564
  1.23	   -0.020515	    0.057809
  1.24	   -0.021299	    0.060017
  1.25	   -0.022069	    0.062188
  1.26	   -0.022825	    0.064319
  1.27	   -0.023567	    0.066410
  1.28	   -0.024294	    0.068459
  1.29	   -0.025006	    0.070465
  1.30	   -0.025702	    0.072426
  1.31	   -0.026381	    0.074341
  1.32	   -0.027045	    0.076209
  1.33	   -0.027690	    0.078029
  1.34	   -0.028319	    0.079800
  1.35	   -0.028929	    0.081521
  1.36	   -0.029522	    0.083190
  1.37	   -0.030095	    0.084806
  1.38	   -0.030650	    0.086369
  1.39	   -0.031185	    0.087878
  1.40	   -0.031701	    0.089331
  1.41	   -0.032196	    0.090727
  1.42	   -0.032672	    0.092066
  1.43	   -0.033126	    0.093347
  1.44	   -0.033560	    0.094569
  1.45	   -0.033972	    0.095731
  1.46	   -0.034363	    0.096833
  1.47	   -0.034733	    0.097874
  1.48	   -0.035080	    0.098853
  1.49	   -0.035405	    0.099769
  1.50	   -0.035708	    0.100623
  1.51	   -0.035988	    0.101412
  1.52	   -0.036246	    0.102138
  1.53	   -0.036481	    0.102799
  1.54	   -0.036692	    0.103396
  1.55	   -0.036881	    0.103927
  1.56	   -0.037046	    0.104392
  1.57	   -0.037188	    0.104792
  1.58	   -0.037306	    0.105125
  1.59	   -0.037401	    0.105392
  1.60	   -0.037472	    0.105592
  1.61	   -0.037519	    0.105726
  1.62	   -0.037543	    0.105792
  1.63	   -0.037543	    0.105792
  1.64	   -0.037519	    0.105726
  1.65	   -0.037472	    0.105592
  1.66	   -0.037401	    0.105392
  1.67	   -0.037306	    0.105125
  1.68	   -0.037188	    0.104792
  1.69	   -0.037046	    0.104392
  1.70	   -0.036881	    0.103927
  1.71	   -0.036692	    0.103396
  1.72	   -0.036481	    0.102799
  1.73	   -0.036246	    0.102138
  1.74	   -0.035988	    0.101412
  1.75	   -0.035708	    0.100623
  1.76	   -0.035405	    0.099769
  1.77	   -0.035080	    0.098853
  1.78	   -0.034733	    0.097874
  1.79	   -0.034363	    0.096833
  1.80	   -0.033972	    0.095731
  1.81	   -0.033560	    0.094569
  1.82	   -0.033126	    0.093347
  1.83	   -0.032672	    0.092066
  1.84	   -0.032196	    0.090727
  1.85	   -0.031701	    0.089331
  1.86	   -0.031185	    0.087878
  1.87	   -0.030650	    0.086369
  1.88	   -0.030095	    0.084806
  1.89	   -0.029522	    0.083190
  1.90	   -0.028929	    0.081521
  1.91	   -0.028319	    0.079800
  1.92	   -0.027690	    0.078029
  1.93	   -0.027045	    0.076209
  1.94	   -0.026381	    0.074341
  1.95	   -0.025702	    0.072426
  1.96	   -0.025006	    0.070465
  1.97	   -0.024294	    0.068459
  1.98	   -0.023567	    0.066410
  1.99	   -0.022825	    0.064319
  2.00	   -0.022069	    0.062188
  2.01	   -0.021299	    0.060017
  2.02	   -0.020515	    0.057809
  2.03	   -0.019718	    0.055564
  2.04	   -0.018909	    0.053284
  2.05	   -0.018088	    0.050970
  2.06	   -0.017255	    0.048624
  2.07	   -0.016412	    0.046247
  2.08	   -0.015558	    0.043841
  2.09	   -0.014694	    0.041408
  2.10	   -0.013821	    0.038948
  2.11	   -0.012940	    0.036463
  2.12	   -0.012050	    0.033956
  2.13	   -0.011153	    0.031427
  2.14	   -0.010248	    0.028879
  2.15	   -0.009337	    0.026312
  2.16	   -0.008420	    0.023728
  2.17	   -0.007498	    0.021129
  2.18	   -0.006571	    0.018518
  2.19	   -0.005640	    0.015894
  2.20	   -0.004706	    0.013260
  2.21	   -0.003768	    0.010618
  2.22	   -0.002828	    0.007970
  2.23	   -0.001886	    0.005316
  2.24	   -0.000944	    0.002659
  2.25	   -0.000000	    0.000000
  2.26	    0.000944	   -0.002659
  2.27	    0.001886	   -0.005316
  2.28	    0.002828	   -0.007970
  2.29	    0.003768	   -0.010618
  2.30	    0.004706	   -0.013260
  2.31	    0.005640	   -0.015894
  2.32	    0.006571	   -0.018518
  2.33	    0.007498	   -0.021129
  2.34	    0.008420	   -0.023728
  2.35	    0.009337	   -0.026312
  2.36	    0.010248	   -0.028879
  2.37	    0.011153	   -0.031427
  2.38	    0.012050	   -0.033956
  2.39	    0.012940	   -0.036463
  2.40	    0.013821	   -0.038948
  2.41	    0.014694	   -0.041408
  2.42	    0.015558	   -0.043841
  2.43	    0.016412	   -0.046247
  2.44	    0.017255	   -0.048624
  2.45	    0.018088	   -0.050970
  2.46	    0.018909	   -0.053284
  2.47	    0.019718	   -0.055564
  2.48	    0.020515	   -0.057809
  2.49	    0.021299	   -0.060017
  2.50	    0.022069	   -0.062188
  2.51	    0.022825	   -0.064319
  2.52	    0.023567	   -0.066410
  2.53	    0.024294	   -0.068459
  2.54	    0.025006	   -0.070465
  2.55	    0.025702	   -0.072426
  2.56	    0.026381	   -0.074341
  2.57	    0.027045	   -0.076209
  2.58	    0.027690	   -0.078029
  2.59	    0.028319	   -0.079800
  2.60	    0.028929	   -0.081521
  2.61	    0.029522	   -0.083190
  2.62	    0.030095	   -0.084806
  2.63	    0.030650	   -0.086369
  2.64	    0.031185	   -0.087878
  2.65	    0.031701	   -0.089331
  2.66	    0.032196	   -0.090727
  2.67	    0.032672	   -0.092066
  2.68	    0.033126	   -0.093347
  2.69	    0.033560	   -0.094569
  2.70	    0.033972	   -0.095731
  2.71	    0.034363	   -0.096833
  2.72	    0.034733	   -0.097874
  2.73	    0.035080	   -0.098853
  2.74	    0.035405	   -0.099769
  2.75	    0.035708	   -0.100623
  2.76	    0.035988	   -0.101412
  2.77	    0.036246	   -0.102138
  2.78	    0.036481	   -0.102799
  2.79	    0.036692	   -0.103396
  2.80	    0.036881	   -0.103927
  2.81	    0.037046	   -0.104392
  2.82	    0.037188	   -0.104792
  2.83	    0.037306	   -0.105125
  2.84	    0.037401	   -0.105392
  2.85	    0.037472	   -0.105592
  2.86	    0.037519	   -0.105726
  2.87	    0.037543	   -0.105792
  2.88	    0.037543	   -0.105792
  2.89	    0.037519	   -0.105726
  2.90	    0.037472	   -0.105592
  2.91	    0.037401	   -0.105392
  2.92	    0.037306	   -0.105125
  2.93	    0.037188	   -0.104792
  2.94	    0.037046	   -0.104392
  2.95	    0.036881	   -0.103927
  2.96	    0.036692	   -0.103396
  2.97	    0.036481	   -0.102799
  2.98	    0.036246	   -0.102138
  2.99	    0.035988	   -0.101412
  3.00	    0.035708	   -0.100623
  3.01	    0.035405	   -0.099769
  3.02	    0.035080	   -0.098853
  3.03	    0.034733	   -0.097874
  3.04	    0.034363	   -0.096833
  3.05	    0.033972	   -0.095731
  3.06	    0.033560	   -0.094569
  3.07	    0.033126	   -0.093347
  3.08	    0.032672	   -0.092066
  3.09	    0.032196	   -0.090727
  3.10	    0.031701	   -0.089331
  3.11	    0.031185	   -0.087878
  3.12	    0.030650	   -0.086369
  3.13	    0.030095	   -0.084806
  3.14	    0.029522	   -0.083190
  3.15	    0.028929	   -0.081521
  3.16	    0.028319	   -0.079800
  3.17	    0.027690	   -0.078029
  3.18	    0.027045	   -0.076209
  3.19	    0.026381	   -0.074341
  3.20	    0.025702	   -0.072426
  3.21	    0.025006	   -0.070465
  3.22	    0.024294	   -0.068459
  3.23	    0.023567	   -0.066410
  3.24	    0.022825	   -0.064319
  3.25	    0.022069	   -0.062188
  3.26	    0.021299	   -0.060017
  3.27	    0.020515	   -0.057809
  3.28	    0.019718	   -0.055564
  3.29	    0.018909	   -0.053284
  3.30	    0.018088	   -0.050970
  3.31	    0.017255	   -0.048624
  3.32	    0.016412	   -0.046247
  3.33	    0.015558	   -0.043841
  3.34	    0.014694	   -0.041408
  3.35	    0.013821	   -0.038948
  3.36	    0.012940	   -0.036463
  3.37	    0.012050	   -0.033956
  3.38	    0.011153	   -0.031427
  3.39	    0.010248	   -0.028879
  3.40	    0.009337	   -0.026312
  3.41	    0.008420	   -0.023728
  3.42	    0.007498	   -0.021129
  3.43	    0.006571	   -0.018518
  3.44	    0.005640	   -0.015894
  3.45	    0.004706	   -0.013260
  3.46	    0.003768	   -0.010618
  3.47	    0.002828	   -0.007970
  3.48	    0.001886	   -0.005316
  3.49	    0.000944	   -0.002659
  3.50	    0.000000	   -0.000000
  3.51	   -0.000000	    0.000000
  3.52	   -0.000000	    0.000000
  3.53	   -0.000000	    0.000000
  3.54	   -0.000000	    0.000000
  3.55	   -0.000000	    0.000000
  3.56	   -0.000000	    0.000000
  3.57	   -0.000000	    0.000000
  3.58	   -0.000000	    0.000000
  3.59	   -0.000000	    0.000000
  3.60	   -0.000000	    0.000000
  3.61	   -0.000000	    0.000000
  3.62	   -0.000000	    0.000000
  3.63	   -0.000000	    0.000000
  3.64	   -0.000000	    0.000000
  3.65	   -0.000000	    0.000000
  3.66	   -0.000000	    0.000000
  3.67	   -0.000000	    0.000000
  3.68	   -0.000000	    0.000000
  3.69	   -0.000000	    0.000000
  3.70	   -0.000000	    0.000000
  3.71	   -0.000000	    0.000000
  3.72	   -0.000000	    0.000000
  3.73	   -0.000000	    0.000000
  3.74	   -0.000000	    0.000000
  3.75	   -0.000000	    0.000000
  3.76	   -0.000000	    0.000000
  3.77	   -0.000000	    0.000000
  3.78	   -0.000000	    0.000000
  3.79	   -0.000000	    0.000000
  3.80	   -0.000000	    0.000000
  3.81	   -0.000000	    0.000000
  3.82	   -0.000000	    0.000000
  3.83	   -0.000000	    0.000000
  3.84	   -0.000000	    0.000000
  3.85	   -0.000000	    0.000000
  3.86	   -0.000000	    0.000000
  3.87	   -0.000000	    0.000000
  3.88	   -0.000000	    0.000000
  3.89	   -0.000000	    0.000000
  3.90	   -0.000000	    0.000000
  3.91	   -0.000000	    0.000000
  3.92	   -0.000000	    0.000000
  3.93	   -0.000000	    0.000000
  3.94	   -0.000000	    0.000000
  3.95	   -0.000000	    0.000000
  3.96	   -0.000000	    0.000000
  3.97	   -0.000000	    0.000000
  3.98	   -0.000000	    0.000000
  3.99	   -0.000000	    0.000000
  4.00	   -0.000000	    0.000000
  4.01	   -0.000000	    0.000000
  4.02	   -0.000000	    0.000000
  4.03	   -0.000000	    0.000000
  4.04	   -0.000000	    0.000000
  4.05	   -0.000000	    0.000000
  4.06	   -0.000000	    0.000000
  4.07	   -0.000000	    0.000000
  4.08	   -0.000000	    0.000000
  4.09	   -0.000000	    0.000000
  4.10	   -0.000000	    0.000000
  4.11	   -0.000000	    0.000000
  4.12	   -0.000000	    0.000000
  4.13	   -0.000000	    0.000000
  4.14	   -0.000000	    0.000000
  4.15	   -0.000000	    0.000000
  4.16	   -0.000000	    0.000000
  4.17	   -0.000000	    0.000000
  4.18	   -0.000000	    0.000000
  4.19	   -0.000000	    0.000000
  4.20	   -0.000000	    0.000000
  4.21	   -0.000000	    0.000000
  4.22	   -0.000000	    0.000000
  4.23	   -0.000000	    0.000000
  4.24	   -0.000000	    0.000000
  4.25	   -0.000000	    0.000000
  4.26	   -0.000000	    0.000000
  4.27	   -0.000000	    0.000000
  4.28	   -0.000000	    0.000000
  4.29	   -0.000000	    0.000000
  4.30	   -0.000000	    0.000000
  4.31	   -0.029522	    0.083190
  4.32	   -0.030095	    0.084806
  4.33	   -0.030650	    0.086369
  4.34	   -0.031185	    0.087878
  4.35	   -0.031701	    0.089331
  4.36	   -0.032196	    0.090727
  4.37	   -0.032672	    0.092066
  4.38	   -0.033126	    0.093347
  4.39	   -0.033560	    0.094569
  4.40	   -0.033972	    0.095731
  4.41	   -0.034363	    0.096833
  4.42	   -0.034733	    0.097874
  4.43	   -0.035080	    0.098853
  4.44	   -0.035405	    0.099769
  4.45	   -0.035708	    0.100623
  4.46	   -0.035988	    0.101412
  4.47	   -0.036246	    0.102138
  4.48	   -0.036481	    0.102799
  4.49	   -0.036692	    0.103396
  4.50	   -0.036881	    0.103927
  4.51	   -0.037046	    0.104392
  4.52	   -0.037188	    0.104792
  4.53	   -0.037306	    0.105125
  4.54	   -0.037401	    0.105392
  4.55	   -0.037472	    0.105592
  4.56	   -0.037519	    0.105726
  4.57	   -0.037543	    0.105792
  4.58	   -0.037543	    0.105792
  4.59	   -0.037519	    0.105726
  4.60	   -0.037472	    0.105592
  4.61	   -0.037401	    0.105392
  4.62	   -0.037306	    0.105125
  4.63	   -0.037188	    0.104792
  4.64	   -0.037046	    0.104392
  4.65	   -0.036881	    0.103927
  4.66	   -0.036692	    0.103396
  4.67	   -0.036481	    0.102799
  4.68	   -0.036246	    0.102138
  4.69	   -0.035988	    0.101412
  4.70	   -0.035708	    0.100623
  4.71	   -0.035405	    0.099769
  4.72	   -0.035080	    0.098853
  4.73	   -0.034733	    0.097874
  4.74	   -0.034363	    0.096833
  4.75	   -0.033972	    0.095731
  4.76	   -0.033560	    0.094569
  4.77	   -0.033126	    0.093347
  4.78	   -0.032672	    0.092066
  4.79	   -0.032196	    0.090727
  4.80	   -0.031701	    0.089331
  4.81	   -0.031185	    0.087878
  4.82	   -0.030650	    0.086369
  4.83	   -0.030095	    0.084806
  4.84	   -0.029522	    0.083190
  4.85	   -0.028929	    0.081521
  4.86	   -0.028319	    0.079800
  4.87	   -0.027690	    0.078029
  4.88	   -0.027045	    0.076209
  4.89	   -0.026381	    0.074341
  4.90	   -0.025702	    0.072426
  4.91	   -0.025006	    0.070465
  4.92	   -0.024294	    0.068459
  4.93	   -0.023567	    0.066410
  4.94	   -0.022825	    0.064319
  4.95	   -0.022069	    0.062188
  4.96	   -0.021299	    0.060017
  4.97	   -0.020515	    0.057809
  4.98	   -0.019718	    0.055564
  4.99	   -0.018909	    0.053284
  5.00	   -0.018088	    0.050970
  5.01	   -0.017255	    0.048624
  5.02	   -0.016412	    0.046247
  5.03	   -0.015558	    0.043841
  5.04	   -0.014694	    0.041408
  5.05	   -0.013821	    0.038948
  5.06	   -0.012940	    0.036463
  5.07	   -0.012050	    0.033956
  5.08	   -0.011153	    0.031427
  5.09	   -0.010248	    0.028879
  5.10	   -0.009337	    0.026312
  5.11	   -0.008420	    0.023728
  5.12	   -0.007498	    0.021129
  5.13	   -0.006571	    0.018518
  5.14	   -0.005640	    0.015894
  5.15	   -0.004706	    0.013260
  5.16	   -0.003768	    0.010618
  5.17	   -0.002828	    0.007970
  5.18	   -0.001886	    0.005316
  5.19	   -0.000944	    0.002659
  5.20	   -0.000000	    0.000000
  5.21	    0.000944	   -0.002659
  5.22	    0.001886	   -0.005316
  5.23	    0.002828	   -0.007970
  5.24	    0.003768	   -0.010618
  5.25	    0.004706	   -0.013260
  5.26	    0.005640	   -0.015894
  5.27	    0.006571	   -0.018518
  5.28	    0.007498	   -0.021129
  5.29	    0.008420	   -0.023728
  5.30	    0.009337	   -0.026312
  5.31	    0.010248	   -0.028879
  5.32	    0.011153	   -0.031427
  5.33	    0.012050	   -0.033956
  5.34	    0.012940	   -0.036463
  5.35	    0.013821	   -0.038948
  5.36	    0.014694	   -0.041408
  5.37	    0.015558	   -0.043841
  5.38	    0.016412	   -0.046247
  5.39	    0.017255	   -0.048624
  5.40	    0.018088	   -0.050970
  5.41	    0.018909	   -0.053284
  5.42	    0.019718	   -0.055564
  5.43	    0.020515	   -0.057809
  5.44	    0.021299	   -0.060017
  5.45	    0.022069	   -0.062188
  5.46	    0.022825	   -0.064319
  5.47	    0.023567	   -0.066410
  5.48	    0.024294	   -0.068459
  5.49	    0.025006	   -0.070465
  5.50	    0.025702	   -0.072426
  5.51	    0.026381	   -0.074341
  5.52	    0.027045	   -0.076209
  5.53	    0.027690	   -0.078029
  5.54	    0.028319	   -0.079800
  5.55	    0.028929	   -0.081521
  5.56	    0.029522	   -0.083190
  5.57	    0.030095	   -0.084806
  5.58	    0.030650	   -0.086369
  5.59	    0.031185	   -0.087878
  5.60	    0.031701	   -0.089331
  5.61	    0.032196	   -0.090727
  5.62	    0.032672	   -0.092066
  5.63	    0.033126	   -0.093347
  5.64	    0.033560	   -0.094569
  5.65	    0.033972	   -0.095731
  5.66	    0.034363	   -0.096833
  5.67	    0.034733	   -0.097874
  5.68	    0.035080	   -0.098853
  5.69	    0.035405	   -0.099769
  5.70	    0.035708	   -0.100623
  5.71	    0.035988	   -0.101412
  5.72	    0.036246	   -0.102138
  5.73	    0.036481	   -0.102799
  5.74	    0.036692	   -0.103396
  5.75	    0.036881	   -0.103927
  5.76	    0.037046	   -0.104392
  5.77	    0.037188	   -0.104792
  5.78	    0.037306	   -0.105125
  5.79	    0.037401	   -0.105392
  5.80	    0.037472	   -0.105592
  5.81	    0.037519	   -0.105726
  5.82	    0.037543	   -0.105792
  5.83	    0.037543	   -0.105792
  5.84	    0.037519	   -0.105726
  5.85	    0.037472	   -0.105592
  5.86	    0.037401	   -0.105392
  5.87	    0.037306	   -0.105125
  5.88	    0.037188	   -0.104792
  5.89	    0.037046	   -0.104392
  5.90	    0.036881	   -0.103927
  5.91	    0.036692	   -0.103396
  5.92	    0.036481	   -0.102799
  5.93	    0.036246	   -0.102138
  5.94	    0.035988	   -0.101412
  5.95	    0.035708	   -0.100623
  5.96	    0.035405	   -0.099769
  5.97	    0.035080	   -0.098853
  5.98	    0.034733	   -0.097874
  5.99	    0.034363	   -0.096833
  6.00	    0.033972	   -0.095731
  6.01	    0.033560	   -0.094569
  6.02	    0.033126	   -0.093347
  6.03	    0.032672	   -0.092066
  6.04	    0.032196	   -0.090727
  6.05	    0.031701	   -0.089331
  6.06	    0.031185	   -0.087878
  6.07	    0.030650	   -0.086369
  6.08	    0.030095	   -0.084806
  6.09	    0.029522	   -0.083190
  6.10	    0.028929	   -0.081521
  6.11	    0.028319	   -0.079800
  6.12	    0.027690	   -0.078029
  6.13	    0.027045	   -0.076209
  6.14	    0.026381	   -0.074341
  6.15	    0.025702	   -0.072426
  6.16	    0.025006	   -0.070465
  6.17	    0.024294	   -0.068459
  6.18	    0.023567	   -0.066410
  6.19	    0.022825	   -0.064319
  6.20	    0.022069	   -0.062188
  6.21	    0.021299	   -0.060017
  6.22	    0.020515	   -0.057809
  6.23	    0.019718	   -0.055564
  6.24	    0.018909	   -0.053284
  6.25	    0.018088	   -0.050970
  6.26	    0.017255	   -0.048624
  6.27	    0.016412	   -0.046247
  6.28	    0.015558	   -0.043841
  6.29	    0.014694	   -0.041408
  6.30	    0.013821	   -0.038948
  6.31	    0.012940	   -0.036463
  6.32	    0.012050	   -0.033956
  6.33	    0.011153	   -0.031427
  6.34	    0.010248	   -0.028879
  6.35	    0.009337	   -0.026312
  6.36	    0.008420	   -0.023728
  6.37	    0.007498	   -0.021129
  6.38	    0.006571	   -0.018518
  6.39	    0.005640	   -0.015894
  6.40	    0.004706	   -0.013260
  6.41	    0.003768	   -0.010618
  6.42	    0.002828	   -0.007970
  6.43	    0.001886	   -0.005316
  6.44	    0.000944	   -0.002659
  6.45	    0.000000	   -0.000000
  6.46	   -0.000944	    0.002659
  6.47	   -0.001886	    0.005316
  6.48	   -0.002828	    0.007970
  6.49	   -0.003768	    0.010618
  6.50	   -0.004706	    0.013260
  6.51	   -0.005640	    0.015894
  6.52	   -0.006571	    0.018518
  6.53	   -0.007498	    0.021129
  6.54	   -0.008420	    0.023728
  6.55	   -0.009337	    0.026312
  6.56	   -0.010248	    0.028879
  6.57	   -0.011153	    0.031427
  6.58	   -0.012050	    0.033956
  6.59	   -0.012940	    0.036463
  6.60	   -0.013821	    0.038948
  6.61	   -0.014694	    0.041408
  6.62	   -0.015558	    0.043841
  6.63	   -0.016412	    0.046247
  6.64	   -0.017255	    0.048624
  6.65	   -0.018088	    0.050970
  6.66	   -0.018909	    0.053284
  6.67	   -0.019718	    0.055564
  6.68	   -0.020515	    0.057809
  6.69	   -0.021299	    0.060017
  6.70	   -0.022069	    0.062188
  6.71	   -0.022825	    0.064319
  6.72	   -0.023567	    0.066410
  6.73	   -0.024294	    0.068459
  6.74	   -0.025006	    0.070465
  6.75	   -0.025702	    0.072426
  6.76	   -0.026381	    0.074341
  6.77	   -0.027045	    0.076209
  6.78	   -0.027690	    0.078029
  6.79	   -0.028319	    0.079800
  6.80	   -0.028929	    0.081521
  6.81	   -0.000000	    0.000000
  6.82	   -0.000000	    0.000000
  6.83	   -0.000000	    0.000000
  6.84	   -0.000000	    0.000000
  6.85	   -0.000000	    0.000000
  6.86	   -0.000000	    0.000000
  6.87	   -0.000000	    0.000000
  6.88	   -0.000000	    0.000000
  6.89	   -0.000000	    0.000000
  6.90	   -0.000000	    0.000000
  6.91	   -0.000000	    0.000000
  6.92	   -0.000000	    0.000000
  6.93	   -0.000000	    0.000000
  6.94	   -0.000000	    0.000000
  6.95	   -0.000000	    0.000000
  6.96	   -0.000000	    0.000000
  6.97	   -0.000000	    0.000000
  6.98	   -0.000000	    0.000000
  6.99	   -0.000000	    0.000000
  7.00	   -0.000000	    0.000000
  7.01	   -0.000000	    0.000000
  7.02	   -0.000000	    0.000000
  7.03	   -0.000000	    0.000000
  7.04	   -0.000000	    0.000000
  7.05	   -0.000000	    0.000000
  7.06	   -0.000000	    0.000000
  7.07	   -0.000000	    0.000000
  7.08	   -0.000000	    0.000000
  7.09	   -0.000000	    0.000000
  7.10	   -0.000000	    0.000000
  7.11	   -0.000000	    0.000000
  7.12	   -0.000000	    0.000000
  7.13	   -0.000000	    0.000000
  7.14	   -0.000000	    0.000000
  7.15	   -0.000000	    0.000000
  7.16	   -0.000000	    0.000000
  7.17	   -0.000000	    0.000000
  7.18	   -0.000000	    0.000000
  7.19	   -0.000000	    0.000000
  7.20	   -0.000000	    0.000000
  7.21	   -0.000000	    0.000000
  7.22	   -0.000000	    0.000000
  7.23	   -0.000000	    0.000000
  7.24	   -0.000000	    0.000000
  7.25	   -0.000000	    0.000000
  7.26	   -0.000000	    0.000000
  7.27	   -0.000000	    0.000000
  7.28	   -0.000000	    0.000000
  7.29	   -0.000000	    0.000000
  7.30	   -0.000000	    0.000000
  7.31	   -0.000000	    0.000000
  7.32	   -0.000000	    0.000000
  7.33	   -0.000000	    0.000000
  7.34	   -0.000000	    0.000000
  7.35	   -0.000000	    0.000000
  7.36	   -0.000000	    0.000000
  7.37	   -0.000000	    0.000000
  7.38	   -0.000000	    0.000000
  7.39	   -0.000000	    0.000000
  7.40	   -0.000000	    0.000000
  7.41	   -0.000000	    0.000000
  7.42	   -0.000000	    0.000000
  7.43	   -0.000000	    0.000000
  7.44	   -0.000000	    0.000000
  7.45	   -0.000000	    0.000000
  7.46	   -0.000000	    0.000000
  7.47	   -0.000000	    0.000000
  7.48	   -0.000000	    0.000000
  7.49	   -0.000000	    0.000000
  7.50	   -0.000000	    0.000000
  7.51	   -0.000000	    0.000000
  7.52	   -0.000000	    0.000000
  7.53	   -0.000000	    0.000000
  7.54	   -0.000000	    0.000000
  7.55	   -0.000000	    0.000000
  7.56	   -0.000000	    0.000000
  7.57	   -0.000000	    0.000000
  7.58	   -0.000000	    0.000000
  7.59	   -0.000000	    0.000000
  7.60	   -0.000000	    0.000000
  7.61	   -0.000000	    0.000000
  7.62	   -0.000000	    0.000000
  7.63	   -0.000000	    0.000000
  7.64	   -0.000000	    0.000000
  7.65	   -0.000000	    0.000000
  7.66	   -0.000000	    0.000000
  7.67	   -0.000000	    0.000000
  7.68	   -0.000000	    0.000000
  7.69	   -0.000000	    0.000000
  7.70	   -0.000000	    0.000000
  7.71	   -0.000000	    0.000000
  7.72	   -0.000000	    0.000000
  7.73	   -0.000000	    0.000000
  7.74	   -0.000000	    0.000000
  7.75	   -0.000000	    0.000000
  7.76	   -0.000000	    0.000000
  7.77	   -0.000000	    0.000000
  7.78	   -0.000000	    0.000000
  7.79	   -0.000000	    0.000000
  7.80	   -0.000000	    0.000000
  7.81	   -0.000000	    0.000000
  7.82	   -0.000000	    0.000000
  7.83	   -0.000000	    0.000000
  7.84	   -0.000000	    0.000000
  7.85	   -0.000000	    0.000000
  7.86	   -0.000000	    0.000000
  7.87	   -0.000000	    0.000000
  7.88	   -0.000000	    0.000000
  7.89	   -0.000000	    0.000000
  7.90	   -0.000000	    0.000000
  7.91	   -0.000000	    0.000000
  7.92	   -0.000000	    0.000000
  7.93	   -0.000000	    0.000000
  7.94	   -0.000000	    0.000000
  7.95	   -0.000000	    0.000000
  7.96	   -0.000000	    0.000000
  7.97	   -0.000000	    0.000000
  7.98	   -0.000000	    0.000000
  7.99	   -0.000000	    0.000000
  8.00	   -0.000000	    0.000000
  8.01	   -0.000000	    0.000000
  8.02	   -0.000000	    0.000000
  8.03	   -0.000000	    0.000000
  8.04	   -0.000000	    0.000000
  8.05	   -0.000000	    0.000000
  8.06	   -0.000000	    0.000000
  8.07	   -0.000000	    0.000000
  8.08	   -0.000000	    0.000000
  8.09	   -0.000000	    0.000000
  8.10	   -0.000000	    0.000000
  8.11	   -0.000000	    0.000000
  8.12	   -0.000000	    0.000000
  8.13	   -0.000000	    0.000000
  8.14	   -0.000000	    0.000000
  8.15	   -0.000000	    0.000000
  8.16	   -0.000000	    0.000000
  8.17	   -0.000000	    0.000000
  8.18	   -0.000000	    0.000000
  8.19	   -0.000000	    0.000000
  8.20	   -0.000000	    0.000000
  8.21	   -0.000000	    0.000000
  8.22	   -0.000000	    0.000000
  8.23	   -0.000000	    0.000000
  8.24	   -0.000000	    0.000000
  8.25	   -0.000000	    0.000000
  8.26	   -0.000000	    0.000000
  8.27	   -0.000000	    0.000000
  8.28	   -0.000000	    0.000000
  8.29	   -0.000000	    0.000000
  8.30	   -0.000000	    0.000000
  8.31	   -0.000000	    0.000000
  8.32	   -0.000000	    0.000000
  8.33	   -0.000000	    0.000000
  8.34	   -0.000000	    0.000000
  8.35	   -0.000000	    0.000000
  8.36	   -0.000000	    0.000000
  8.37	   -0.000000	    0.000000
  8.38	   -0.000000	    0.000000
  8.39	   -0.000000	    0.000000
  8.40	   -0.000000	    0.000000
  8.41	   -0.000000	    0.000000
  8.42	   -0.000000	    0.000000
  8.43	   -0.000000	    0.000000
  8.44	   -0.000000	    0.000000
  8.45	   -0.000000	    0.000000
  8.46	   -0.000000	    0.000000
  8.47	   -0.000000	    0.000000
  8.48	   -0.000000	    0.000000
  8.49	   -0.000000	    0.000000
  8.50	   -0.000000	    0.000000
  8.51	   -0.000000	    0.000000
  8.52	   -0.000000	    0.000000
  8.53	   -0.000000	    0.000000
  8.54	   -0.000000	    0.000000
  8.55	   -0.000000	    0.000000
  8.56	   -0.000000	    0.000000
  8.57	   -0.000000	    0.000000
  8.58	   -0.000000	    0.000000
  8.59	   -0.000000	    0.000000
  8.60	   -0.000000	    0.000000
  8.61	   -0.000000	    0.000000
  8.62	   -0.000000	    0.000000
  8.63	   -0.000000	    0.000000
  8.64	   -0.000000	    0.000000
  8.65	   -0.000000	    0.000000
  8.66	   -0.000000	    0.000000
  8.67	   -0.000000	    0.000000
  8.68	   -0.000000	    0.000000
  8.69	   -0.000000	    0.000000
  8.70	   -0.000000	    0.000000
  8.71	   -0.000000	    0.000000
  8.72	   -0.000000	    0.000000
  8.73	   -0.000000	    0.000000
  8.74	   -0.000000	    0.000000
  8.75	   -0.000000	    0.000000
  8.76	   -0.000000	    0.000000
  8.77	   -0.000000	    0.000000
  8.78	   -0.000000	    0.000000
  8.79	   -0.000000	    0.000000
  8.80	   -0.000000	    0.000000
  8.81	   -0.000000	    0.000000
  8.82	   -0.000000	    0.000000
  8.83	   -0.000000	    0.000000
  8.84	   -0.000000	    0.000000
  8.85	   -0.000000	    0.000000
  8.86	   -0.000000	    0.000000
  8.87	   -0.000000	    0.000000
  8.88	   -0.000000	    0.000000
  8.89	   -0.000000	    0.000000
  8.90	   -0.000000	    0.000000
  8.91	   -0.000000	    0.000000
  8.92	   -0.000000	    0.000000
  8.93	   -0.000000	    0.000000
  8.94	   -0.000000	    0.000000
  8.95	   -0.000000	    0.000000
  8.96	   -0.000000	    0.000000
  8.97	   -0.000000	    0.000000
  8.98	   -0.000000	    0.000000
  8.99	   -0.000000	    0.000000
  9.00	   -0.000000	    0.000000
  9.01	   -0.000000	    0.000000
  9.02	   -0.000000	    0.000000
  9.03	   -0.000000	    0.000000
  9.04	   -0.000000	    0.000000
  9.05	   -0.000000	    0.000000
  9.06	   -0.000000	    0.000000
  9.07	   -0.000000	    0.000000
  9.08	   -0.000000	    0.000000
  9.09	   -0.000000	    0.000000
  9.10	   -0.000000	    0.000000
  9.11	   -0.000000	    0.000000
  9.12	   -0.000000	    0.000000
  9.13	   -0.000000	    0.000000
  9.14	   -0.000000	    0.000000
  9.15	   -0.000000	    0.000000
  9.16	   -0.000000	    0.000000
  9.17	   -0.000000	    0.000000
  9.18	   -0.000000	    0.000000
  9.19	   -0.000000	    0.000000
  9.20	   -0.000000	    0.000000
  9.21	   -0.000000	    0.000000
  9.22	   -0.000000	    0.000000
  9.23	   -0.000000	    0.000000
  9.24	   -0.000000	    0.000000
  9.25	   -0.000000	    0.000000
  9.26	   -0.000000	    0.000000
  9.27	   -0.000000	    0.000000
  9.28	   -0.000000	    0.000000
  9.29	   -0.000000	    0.000000
  9.30	   -0.000000	    0.000000
  9.31	   -0.000000	    0.000000
  9.32	   -0.000000	    0.000000
  9.33	   -0.000000	    0.000000
  9.34	   -0.000000	    0.000000
  9.35	   -0.000000	    0.000000
  9.36	   -0.000000	    0.000000
  9.37	   -0.000000	    0.000000
  9.38	   -0.000000	    0.000000
  9.39	   -0.000000	    0.000000
  9.40	   -0.000000	    0.000000
  9.41	   -0.000000	    0.000000
  9.42	   -0.000000	    0.000000
  9.43	   -0.000000	    0.000000
  9.44	   -0.000000	    0.000000
  9.45	   -0.000000	    0.000000
  9.46	   -0.000000	    0.000000
  9.47	   -0.000000	    0.000000
  9.48	   -0.000000	    0.000000
  9.49	   -0.000000	    0.000000
  9.50	   -0.000000	    0.000000
  9.51	   -0.000000	    0.000000
  9.52	   -0.000000	    0.000000
  9.53	   -0.000000	    0.000000
  9.54	   -0.000000	    0.000000
  9.55	   -0.000000	    0.000000
  9.56	   -0.000000	    0.000000
  9.57	   -0.000000	    0.000000
  9.58	   -0.000000	    0.000000
  9.59	   -0.000000	    0.000000
  9.60	   -0.000000	    0.000000
  9.61	   -0.000000	    0.000000
  9.62	   -0.000000	    0.000000
  9.63	   -0.000000	    0.000000
  9.64	   -0.000000	    0.000000
  9.65	   -0.000000	    0.000000
  9.66	   -0.000000	    0.000000
  9.67	   -0.000000	    0.000000
  9.68	   -0.000000	    0.000000
  9.69	   -0.000000	    0.000000
  9.70	   -0.000000	    0.000000
  9.71	   -0.000000	    0.000000
  9.72	   -0.000000	    0.000000
  9.73	   -0.000000	    0.000000
  9.74	   -0.000000	    0.000000
  9.75	   -0.000000	    0.000000
  9.76	   -0.000000	    0.000000
  9.77	   -0.000000	    0.000000
  9.78	   -0.000000	    0.000000
  9.79	   -0.000000	    0.000000
  9.80	   -0.000000	    0.000000
  9.81	   -0.000000	    0.000000
  9.82	   -0.000000	    0.000000
  9.83	   -0.000000	    0.000000
  9.84	   -0.000000	    0.000000
  9.85	   -0.000000	    0.000000
  9.86	   -0.000000	    0.000000
  9.87	   -0.000000	    0.000000
  9.88	   -0.000000	    0.000000
  9.89	   -0.000000	    0.000000
  9.90	   -0.000000	    0.000000
  9.91	   -0.000000	    0.000000
  9.92	   -0.000000	    0.000000
  9.93	   -0.000000	    0.000000
  9.94	   -0.000000	    0.000000
  9.95	   -0.000000	    0.000000
  9.96	   -0.000000	    0.000000
  9.97	   -0.000000	    0.000000
  9.98	   -0.000000	    0.000000
  9.99	   -0.000000	    0.000000
 10.00	   -0.000000	    0.000000
